2834,6
2834,4
2845,4
2845,6
2823,4
2823,6
2816,4
2816,6
2812,4
2812,5
4294967279,77
4294967279,68
4294967279,56
4294967279,49
4294967279,44
4294967279,37
4294967279,26
4294967279,23
4294967279,10
4294967279,69
4294967278,181
4294967279,408
4294967278,167
4294967278,156
4294967278,304
4294967279,155
4294967278,504
3217,8
4294967278,280
4294967279,38
4294967279,450
4294967279,36
3217,7
3217,6
3217,5
3217,4
3217,3
3217,2
3217,1
4294967279,510
4294967279,28
4294967294,1067
4294967294,161
4294967294,412
4294967279,137
4294967279,294
4294967278,474
4294967279,447
4294967278,345
4294967278,475
4294967278,473
4294967278,472
4294967278,412
4294967278,62
4294967278,58
4294967278,56
4294967278,41
4294967279,442
4294967279,85
4294967279,260
4294967279,389
4294967279,75
4294967279,72
4294967279,67
4294967279,58
4294967279,46
4294967279,27
4294967279,21
4294967279,20
4294967279,17
4294967278,430
4294967279,283
4294967278,349
3213,7
4294967279,288
4294967279,287
4294967279,232
3213,6
3213,5
3213,4
3213,3
3213,2
3213,1
4294967279,451
4294967279,225
4294967279,217
4294967279,386
4294967278,278
4294967278,275
4294967294,1559
3210,5
3210,4
3210,3
3210,2
3210,1
4294967279,282
4294967279,425
4294967278,198
4294967278,196
4294967278,195
4294967278,188
4294967279,275
4294967278,184
4294967278,429
4294967294,1497
4294967279,178
3206,7
3206,6
3206,5
3206,4
3206,3
3206,2
3206,1
4294967294,737
4294967278,166
4294967279,168
4294967279,274
4294967278,428
4294967279,162
4294967279,161
4294967278,159
4294967279,160
4294967278,158
4294967278,427
4294967278,40
4294967278,137
4294967279,149
4294967279,147
4294967294,178
4294967294,411
4294967294,112
4294967294,165
4294967279,400
4294967278,424
3201,7
4294967279,16
4294967279,454
4294967278,423
4294967279,453
3201,6
3201,5
4294967279,262
3201,4
3201,3
3201,2
3201,1
4294967279,448
4294967278,387
4294967279,446
4294967278,357
4294967278,465
4294967279,157
4294967278,422
4294967279,444
3198,7
4294967279,395
3198,6
3198,5
3198,4
3198,3
3198,2
3198,1
4294967278,499
4294967278,207
4294967278,421
4294967279,198
3195,8
4294967279,441
3195,7
3195,6
3195,5
3195,4
4294967279,187
3195,3
3195,2
3195,1
4294967279,435
4294967279,431
4294967279,181
4294967279,430
4294967294,1485
4294967279,485
4294967278,419
4294967294,1415
3191,5
3191,4
3191,3
3191,2
3191,1
4294967279,143
4294967279,145
3190,5
3190,4
3190,3
3190,2
3190,1
4294967278,140
4294967278,418
3188,6
4294967279,455
4294967279,429
3188,5
3188,4
3188,3
3188,2
3188,1
4294967278,264
4294967294,1057
4294967294,1084
4294967294,1154
4294967294,1443
4294967294,467
3186,6
4294967279,261
3186,5
3186,4
3186,3
3186,2
3186,1
4294967279,396
4294967279,393
3185,5
3185,4
3185,3
3185,2
3185,1
4294967278,378
4294967278,253
4294967294,1484
4294967278,247
3184,5
4294967279,246
3184,4
4294967294,157
3184,3
3184,2
3184,1
4294967278,237
3183,5
4294967279,235
3183,4
4294967278,233
3183,3
3183,2
3183,1
4294967278,416
4294967294,1483
4294967279,227
4294967278,227
3181,4
3181,3
3181,2
3181,1
4294967279,426
4294967278,397
4294967278,404
4294967278,506
4294967294,108
4294967294,169
4294967294,1514
4294967278,505
4294967278,240
4294967278,503
4294967278,502
4294967278,500
4294967279,387
4294967279,452
4294967278,163
4294967279,158
4294967294,1464
4294967294,187
4294967294,399
4294967294,1596
4294967294,1591
4294967294,183
4294967294,406
4294967294,164
4294967279,222
4294967278,148
3180,8
4294967279,422
3180,7
3180,6
3180,5
3180,4
3180,2
3180,1
4294967279,271
4294967278,262
4294967294,176
4294967279,279
4294967278,328
4294967279,391
4294967278,309
4294967279,280
4294967279,460
4294967279,413
4294967279,434
4294967278,501
4294967279,254
3176,7
4294967278,415
4294967278,414
4294967294,385
3176,6
3176,5
3176,4
3176,2
3176,1
4294967294,386
4294967278,225
4294967278,221
4294967279,277
4294967279,215
4294967278,209
4294967279,420
4294967278,206
4294967278,344
4294967278,203
4294967278,201
3173,5
4294967278,200
3173,4
4294967279,201
3173,2
3173,1
4294967279,432
4294967278,459
4294967279,136
4294967279,196
4294967279,190
4294967278,189
4294967279,487
4294967278,466
4294967278,183
4294967279,184
4294967278,182
4294967278,180
4294967278,179
4294967279,180
4294967278,177
4294967279,419
3169,7
3169,6
4294967279,169
3169,5
3169,4
3169,2
3169,1
4294967279,253
4294967279,415
4294967279,251
4294967278,413
4294967294,1027
4294967278,152
4294967279,299
4294967279,148
4294967278,147
4294967294,409
4294967294,1491
4294967294,1496
4294967278,146
4294967278,145
4294967278,411
4294967278,409
4294967278,446
4294967279,293
4294967278,445
4294967279,268
4294967294,163
3164,7
4294967279,416
4294967279,475
4294967278,408
4294967278,259
4294967279,259
4294967279,414
3164,6
3164,5
3164,4
3164,3
3164,2
3164,1
4294967278,329
4294967278,407
4294967278,406
4294967278,2
4294967278,245
4294967278,248
4294967294,1408
4294967294,1598
4294967294,590
4294967294,1435
4294967294,1499
4294967294,1474
4294967279,244
4294967279,242
4294967279,398
4294967279,239
3161,7
4294967279,284
4294967278,405
4294967279,223
4294967279,506
4294967279,221
4294967278,219
4294967279,219
4294967278,217
4294967278,215
4294967279,212
4294967278,213
3161,6
4294967279,214
3161,5
3161,4
4294967279,213
3161,2
3161,1
4294967278,211
4294967278,205
4294967278,204
4294967278,202
4294967279,202
4294967278,194
4294967278,192
3158,8
4294967279,412
4294967294,398
4294967294,1026
4294967294,119
4294967294,449
4294967278,186
4294967279,410
3158,7
3158,6
3158,5
3158,4
3158,2
3158,1
4294967278,402
4294967278,401
4294967278,496
4294967278,400
4294967279,407
3154,5
3154,4
3154,3
3154,2
3154,1
4294967294,395
4294967294,179
4294967294,1599
4294967294,402
4294967294,1477
3153,5
3153,4
3153,3
3153,2
3153,1
4294967278,135
4294967294,1416
4294967279,406
3151,6
4294967294,1157
3151,5
3151,4
3151,3
3151,2
3151,1
4294967278,322
3149,6
3149,5
3149,4
4294967279,445
3149,3
3149,2
3149,1
4294967279,390
4294967278,399
3148,5
3148,4
3148,3
3148,2
3148,1
4294967294,120
4294967294,736
4294967294,167
4294967294,420
4294967294,1501
4294967279,240
4294967279,238
4294967279,233
3147,5
3147,4
3147,3
3147,2
3147,1
4294967278,398
4294967279,231
4294967279,229
3146,5
3146,4
3146,3
3146,2
3146,1
4294967279,403
4294967294,387
4294967294,135
4294967278,244
4294967294,392
4294967294,388
4294967294,114
4294967294,1163
4294967294,99
4294967294,18
3144,4
3144,3
3144,2
3144,1
4294967294,154
4294967294,1516
4294967294,1
4294967279,488
4294967278,396
4294967278,395
4294967294,5
4294967278,394
4294967294,0
4294967294,579
4294967278,364
4294967278,498
4294967279,424
4294967278,355
4294967294,396
4294967294,407
4294967294,450
4294967278,497
4294967294,393
4294967294,389
4294967294,1419
4294967294,115
4294967294,1445
4294967294,89
4294967294,1247
4294967294,173
4294967294,1152
4294967294,1070
4294967294,107
4294967294,50
4294967294,91
4294967294,90
4294967294,87
4294967294,86
4294967294,85
4294967294,84
4294967294,424
4294967294,1039
4294967294,29
4294967294,740
4294967294,28
4294967294,1589
4294967294,27
4294967294,53
4294967294,52
4294967294,186
4294967294,40
4294967294,41
4294967294,38
4294967294,37
4294967294,36
4294967294,46
4294967294,45
4294967294,44
4294967294,2
4294967294,43
4294967294,156
4294967294,96
4294967294,94
4294967294,9
4294967294,8
4294967294,93
4294967294,95
4294967294,81
4294967294,127
4294967294,83
4294967294,68
4294967294,11
4294967294,92
4294967294,88
4294967278,393
4294967279,0
4294967278,132
4294967278,131
4294967278,130
4294967278,129
4294967278,128
4294967278,127
4294967278,126
4294967278,125
4294967278,124
4294967278,123
4294967278,122
4294967278,121
4294967278,120
4294967278,119
4294967278,118
4294967278,117
4294967278,116
4294967278,115
4294967278,114
4294967278,113
4294967278,112
4294967278,111
4294967278,110
4294967278,109
4294967278,108
4294967278,107
4294967278,106
4294967278,105
4294967278,104
4294967278,103
4294967278,102
4294967278,101
4294967278,100
4294967278,99
4294967278,98
4294967278,97
4294967278,96
4294967278,95
4294967278,94
4294967278,93
4294967278,92
4294967278,91
4294967278,90
4294967278,89
4294967278,87
4294967278,86
4294967278,85
4294967278,84
4294967278,83
